0.00000013
0.00000012
0.00000012
0.45519443
0.00000015
0.00000014
0.00000015
0.00000015
0.00000012
0.00000016
0.00000014
0.00000015
0.00000014
0.00000013
0.00000014
0.00000015
0.00000015
0.00000016
0.00000015
0.00000013
0.00000012
0.00000011
0.00000015
0.00000013
0.00000012
0.00000015
0.00000016
0.00000013
0.00000083
0.00000011
0.00000013
0.00000011
0.00000015
0.00000014
0.00000014
0.00000014
0.00000018
0.00000013
2.57117849
0.00000015
2.57117849
0.00097365
0.00088434
0.00000003
0.00000014
0.00000015
0.00000011
0.00000012
0.00000013
0.00000012
0.00000011
0.00000012
0.00000015
0.00000423
0.00000206
0.00000615
0.00000313
0.00000112
0.00000464
0.00000473
0.00024178
0.00000852
4.27267388
0.00000171
0.00000453
0.00000834
0.00000239
0.00000523
0.00000482
0.00000686
0.00000827
0.00000475
0.00000423
0.00000206
0.00000615
0.00000313
0.00000112
0.00000464
0.00000473
0.00000660
0.00004664
1.61402056
0.00000044
0.00000483
0.00184230
0.00802786
0.00000089
0.63262497
0.00000799
0.00000701
0.00007619
0.00000062
0.00008682
0.00000028
0.00000015
4.05105268
0.00000014
0.00752004
0.00000014
0.00000227
5.00617555
2.73116160
1.92598482
0.85941294
0.00172319
0.00679647
0.00008675
0.00002090
0.02889704
0.98774705
2.23966169
1.79143143
3.09564980
2.00325563
1.17416809
3.37421251
4.94044626
0.08640166
1.59093563
3.99618584
0.00554692
0.00992602
0.00752004
0.00087309
3.76658738
0.00091766
0.00069548
0.00000004
0.00172319
0.00679647
0.00000227
0.00000510
0.00052635
0.00097754
0.00000050
0.00000298
0.00000627
0.00000006
2.96100788
0.00000015
0.00752004
0.00992602
0.00087309
3.76658738
0.00554692
0.00000016
0.00000015
0.00000004
0.00002254
0.00000227
0.00000510
0.00000006
0.00000298
0.00000627
0.00000001
0.00000006
0.00000017
0.00000014
2.96100788
4.82320589
0.00071262
0.00049894
0.00066736
0.00007811
0.00001474
0.27130517
0.00006992
0.00000079
0.00008948
0.00000482
0.00000033
0.00000023
0.00000029
0.00000391
0.00000011
0.00000016
0.00000014
0.00000012
0.00000014
0.00000011
0.00000003
0.00000003
0.00000037
0.00000003
0.00002501
0.00008268
0.00000036
0.00000038
0.00000014
0.00000007
0.00000007
0.00031598
0.00095473
0.46127825
0.45550310
0.00000068
0.00000079
0.00000021
0.00000022
0.00000019
1.44989165
0.00079233
0.00074836
0.00172319
0.00679647
0.00280262
0.00423920
0.00058005
0.00942518
0.00034325
0.00453137
3.09564980
2.00325563
0.00922896
0.00657044
5.00617555
2.73116160
0.00087309
0.00418221
3.76658738
0.00256546
3.47120748
0.70108420
0.00006995
0.00006053
0.00000029
0.00000402
0.00050848
0.00019535
0.00172319
0.00679647
0.00000017
2.73116160
5.00617555
2.34366658
4.00302926
0.00069216
0.00087653
0.00008268
0.00002501
0.00000083
0.00942518
0.00453137
1.17416809
3.37421251
1.92598482
0.85941294
0.00008675
0.00002090
0.02889704
0.98774705
3.09564980
2.00325563
5.00617555
2.23966169
1.59093563
2.73116160
1.79143143
3.99618584
0.27105629
1.60795946
0.00000030
0.00000030
0.00000059
0.00000055
0.00942518
0.00453137
0.00000006
0.00000028
5.10129318
4.53436237
0.00000005
0.00000005
0.00079031
0.00050267
0.00000068
0.00000083
1.17416809
3.37421251
0.00006775
0.00003105
2.89785298
0.00002501
0.00008268
0.00000728
0.00000428
0.00000014
0.00000014
0.00079233
0.00074836
0.00184230
0.00802786
0.00554692
0.00000064
0.00000088
0.00000085
0.00000083
0.00000073
0.00000070
0.00000075
0.00000089
0.00000024
0.00000001
0.00079233
0.00074836
0.00000004
0.00000003
0.00000002
0.00007341
0.00000297
0.00000407
3.09564980
2.00325563
0.00000056
0.00038390
0.00012407
0.00000064
0.00000088
0.00000085
0.00000083
0.00000073
0.00000070
0.00418221
0.00256546
3.56637187
3.15646005
0.00922896
0.00657044
0.00092763
0.00080881
0.00559438
0.00590488
4.97688777
0.36060306
0.00009206
0.00069216
0.00087653
1.59093563
3.99618584
0.00997409
0.00033627
0.00058553
3.99618582
0.00418221
0.00256546
0.00000036
0.00000038
0.00050848
0.00019535
3.56637187
3.15646005
0.00002501
0.00008268
0.00000000
0.00087309
3.76658738
0.00922896
0.00657044
0.00000001
0.00092763
0.00080881
0.00559438
0.00590488
0.00418221
0.00256546
3.56637187
3.15646005
0.00559438
0.00590488
0.00092763
0.00080881
0.00922896
0.00657044
0.00000036
0.00000038
0.00069216
0.00087653
4.97688777
0.36060306
1.59093563
3.99618584
0.00000045
0.00000012
4.97688777
0.36060306
0.00559438
0.00590488
0.00092763
0.00080881
3.56637187
3.15646005
0.00997409
0.00069216
0.00087653
0.00033627
0.00058553
0.00000058
0.00000050
0.00000036
0.00000038
0.70108420
3.47120748
0.00050848
0.00172319
0.00679647
5.00617555
2.73116160
1.92598482
0.85941294
0.00012232
0.00085386
0.00008675
0.00002090
0.02889704
0.98774705
0.00280262
0.00423920
3.09564980
2.00325563
4.94044626
0.08640166
2.23966169
1.59093563
0.00058005
0.00034325
2.23966169
1.79143143
1.92598482
0.85941294
0.00008675
0.00002090
0.02889704
0.98774705
3.09564980
2.00325563
0.00155231
0.00883947
0.00000083
0.00000068
5.00617555
1.59093563
1.17416809
2.73116160
0.00079233
0.00074836
3.09564980
2.00325563
1.92598482
0.85941294
0.00008675
0.00002090
0.02889704
0.98774705
0.00000090
0.00000587
0.00000070
0.00000501
0.00000088
0.00000085
0.00000083
0.00000073
0.00000728
0.00000428
0.00172319
0.00679647
5.00617555
2.73116160
0.00000086
0.00000073
0.00000018
0.00000020
0.00000026
0.00000026
0.00006053
0.00006995
0.00000013
0.00000015
0.00000007
0.00000007
0.00008675
0.00002090
0.00090095
0.00026019
0.00000030
0.00000030
0.00000059
0.00000055
0.00942518
0.00453137
0.00000006
0.00000028
5.10129318
4.53436237
0.00000005
0.00000005
0.00079031
0.00050267
0.00000068
0.00000083
1.17416809
3.37421251
0.00006775
0.00003105
0.00280262
0.00423920
0.00012232
0.00085386
4.94044626
0.08640166
0.00000184
0.00000230
0.00000457
0.00000077
0.00000391
0.00000776
0.00000308
0.00000080
0.00000713
0.00000512
0.00000004
0.00000003
0.00000004
0.00000004
1.47835025
0.63262497
0.00167763
0.00556783
2.57117849
0.00000001
4.05105268
1.61402056
0.00007341
0.00000032
0.00000034
0.00000013
0.00000227
0.00000510
0.00000627
0.00000298
0.00992602
0.00000089
0.00184230
0.00802786
0.00087309
3.76658738
3.62175790
0.00000089
1.47835025
0.63262497
0.00000032
0.00000034
4.58528074
3.43071804
4.05105268
1.61402056
0.00000001
0.00184230
0.00802786
0.00000545
0.00000835
0.00752004
0.00007619
0.00008682
4.05105268
1.61402056
0.37463906
0.16755643
4.82320589
1.92115131
0.00000027
0.00000799
0.00000701
0.00000032
0.00000034
0.00406895
0.00371940
0.00000227
0.00000510
0.00000627
0.00000298
1.24885708
0.96346237
0.00000089
4.05105268
1.61402056
0.00004664
0.00803160
0.00000799
0.00000701
2.57117849
0.00000032
0.00000034
0.00000227
0.00000510
0.00000627
0.00000298
0.00000653
0.00000398
0.00000089
0.00184230
0.00802786
1.47835025
0.63262497
4.05105268
1.61402056
0.00000001
0.00000001
0.00000004
0.00000004
0.00000000
0.00000000
0.00000001
0.00000001
0.00000001
0.00000011
1.47835025
0.63262497
0.00802786
0.00000402
0.00000032
0.00000034
0.00000047
0.00000005
0.00000003
1.20603203
4.02637851
0.00000063
0.00000044
0.00081059
0.00051246
0.00000813
0.00000288
2.87305613
4.86535619
0.00000653
0.00000795
0.00000689
0.00000042
0.00000037
0.00000752
0.00000732
0.00000026
0.00000027
1.20603203
4.02637851
0.00000003
0.00000063
0.00000044
0.00000813
0.00000288
1.47835025
0.63262497
0.00000689
0.00000653
0.00000795
0.00000545
0.00000835
4.04887937
1.43737593
0.00000006
0.00000006
0.00000017
0.00000016
0.00000029
0.00000402
1.20603203
4.02637851
0.00000017
0.00081059
0.00051246
3.47120748
0.70108420
0.00008268
0.00002501
3.09564980
0.00000043
0.00000029
2.00325563
0.00000083
2.87305613
4.86535619
0.00000005
0.00000006
0.00000016
0.00000049
0.00000004
0.00000007
0.00000007
0.00000004
0.00000006
0.00000005
0.00000003
0.00000004
0.00000016
0.00000018
0.00000006
0.00000031
0.00000018
0.00000016
0.00000020
0.47858699
0.88356655
0.00002254
0.00000028
0.00000006
0.00000004
0.00000004
0.00619940
2.23966169
1.79143143
0.00058005
0.00034325
0.00000005
0.00000005
0.00000003
0.00000005
0.00155231
0.00883947
0.00000026
0.00000006
0.00000006
0.00000018
0.00000020
4.04887937
1.43737593
0.02889704
0.98774705
0.00000079
0.00000072
0.00063556
2.78366486
1.20603203
0.00050848
1.58169498
4.02637851
0.00019535
0.00000051
0.00000023
0.00000005
0.00000064
0.00000006
0.00009435
0.00000047
0.00478934
3.62175790
0.00000090
0.00000011
0.00000000
0.00000001
0.00000227
0.00000510
0.00000298
0.00000627
0.00000000
0.00184230
0.00802786
0.00000001
0.00000001
0.00000004
0.00000002
0.00000004
0.00000004
0.00066359
0.00000016
0.00000015
0.00000012
0.00000014
0.00000120
0.00000027
0.00000264
0.00000037
0.00000332
0.00000143
0.00829393
0.00000005
1.68407442
0.00000005
1.20600716
0.00000004
0.00000003
0.00000004
0.00000003
0.00003863
0.00000007
0.00000007
0.00006053
0.00006995
0.00000003
2.78366486
1.58169498
0.00000007
0.00000006
0.00000023
0.00000018
0.00000007
0.00000006
0.00000006
0.00000006
0.00000051
0.00000013
0.00000015
0.00155231
0.00883947
0.00000032
0.00000034
0.00000000
0.00000005
0.00028210
0.56967447
0.00000003
0.00000003
4.53436237
5.10129318
0.00006775
0.00003105
0.00006053
0.00006995
2.57117849
0.00000018
0.00000020
0.00000653
0.00000799
0.00000398
0.00091766
0.00069548
1.92598482
0.85941294
1.55480063
4.67067595
0.00008675
0.00002090
0.02889704
0.98774705
0.27105629
1.60795946
4.58528074
3.43071804
3.09564980
2.00325563
5.00617555
2.23966169
1.59093563
1.17416809
0.00083691
0.00030473
1.92598482
0.85941294
0.00008675
0.00002090
0.00000762
0.00000368
0.00000528
0.00000531
0.02889704
0.98774705
5.00617555
1.59093563
2.73116160
3.99618584
0.00989360
0.00000064
0.00000070
3.09564980
2.34366658
4.00302926
0.00000005
0.00000007
0.85941294
1.92598482
0.00000005
0.00000005
0.00002090
3.47120748
0.00008675
0.70108420
0.00000528
0.00000762
0.00000368
0.00000531
0.00000835
0.00000545
0.00000038
0.00000036
2.45587383
0.00000001
0.00000016
0.00000015
0.00000017
0.00000004
0.00000227
0.00000510
0.00000004
0.00000298
0.00000627
0.00000015
0.00000006
0.00000006
0.00000000
4.82320589
1.92115131
0.00000001
0.00000000
0.00406895
0.00371940
4.50762842
0.00000001
0.00000005
0.00000227
0.00000510
0.00000298
0.00000627
0.00000006
0.00000006
0.00000016
0.00000015
0.00000017
0.00000004
0.00000014
0.00000015
0.00554692
0.00000004
4.82320589
1.92115131
0.00000068
0.00000085
4.33793478
0.00000001
0.00000000
0.00000016
0.00000015
0.00000000
0.00000001
0.00000000
0.00000227
0.00000510
0.00000006
0.00000006
0.00000000
0.00000298
0.00000627
0.00554692
4.82320589
1.92115131
0.00000001
0.00000003
0.00000014
4.70704501
2.72077997
0.00000005
0.00000005
0.00000037
0.00000005
0.00000004
0.00000004
0.00000041
0.00000006
0.00000004
0.00000042
0.00000006
4.04887937
1.43737593
0.02889704
0.98774705
0.00000079
0.00000072
0.00063556
0.00000026
0.00000032
0.00000048
0.00000067
0.00000305
0.00001322
0.00043789
2.78139020
0.32039017
3.35286519
0.00000004
0.00000006
0.00000015
0.00000005
0.00000007
0.00000007
0.00000004
0.00000012
0.00000008
0.00000016
0.00000017
0.00000016
0.00000029
0.00000402
0.00000012
0.00000015
0.00088434
0.00000043
0.00000029
0.00478934
0.00000017
4.70704501
2.72077997
0.47858699
0.88356655
0.00069216
0.00087653
0.00002501
0.70108420
0.00008268
5.10458244
0.00000000
0.00000001
0.00000000
0.00000001
0.00000002
0.00000000
0.00000000
0.00000000
0.00000000
0.00000002
0.00000002
0.00000001
0.00000001
0.00000001
0.00000001
0.00000003
0.00000003
0.00000003
0.00000001
0.00000003
0.17327594
0.19646352
0.00994618
0.01011163
1.68247235
4.26791431
0.52415159
3.04115404
3.07080320
0.43861323
0.01020279
0.00613042
4.06228648
1.58865597
1.92255216
2.47894093
3.35567229
2.30919324
4.26575776
2.89527590
0.17327594
0.19646352
0.00994618
0.01011163
1.68247235
4.26791431
0.52415159
3.04115404
3.07080320
0.43861323
4.06228648
1.58865597
0.01020279
0.00613042
1.92255216
2.47894093
4.26575776
2.89527590
3.35567229
2.30919324
0.17327594
0.19646352
0.00994618
0.01011163
1.68247235
4.26791431
0.52415159
3.04115404
4.06228648
1.58865597
3.07080320
0.43861323
4.26575776
2.89527590
1.24711216
4.40128564
0.01020279
0.00613042
2.13179805
3.39865855
3.07080320
0.43861323
3.35567229
2.30919324
0.00058745
0.00094202
3.24432586
1.09387159
5.21864058
0.15113972
0.52423453
5.24687051
3.90752405
2.10624319
0.17327594
0.19646352
0.00994618
0.01011163
1.68247235
4.26791431
0.52423453
3.90752405
3.07080320
0.43861323
3.35567229
2.30919324
0.17327594
0.19646352
1.46977664
0.65732082
5.21864058
0.15113972
0.52415159
3.04115404
0.01636300
0.77321663
0.00994618
0.01011163
4.06228648
1.58865597
0.01636300
0.77321663
5.21864058
0.15113972
2.13179805
3.39865855
5.24687051
2.10624319
0.17327594
0.19646352
3.35567229
2.30919324
1.68247235
4.26791431
4.06228648
1.58865597
1.92255216
2.47894093
0.00994618
0.01011163
0.90943973
4.85848789
0.17327594
0.19646352
1.68247235
4.26791431
4.06228648
1.58865597
0.00994618
0.01011163
0.52415159
3.04115404
0.01020279
0.00613042
3.24432586
1.09387159
0.00056973
0.00044600
0.00058745
0.00094202
1.46977664
0.65732082
2.92422775
4.42573143
0.00000476
0.00000635
0.00002618
0.00007317
0.00000087
0.00000065
0.52415159
3.04115404
0.00000016
0.00000012
0.00000027
0.00000037
0.00000015
0.00000014
0.00000332
0.00000143
0.00000348
0.00000718
4.06228648
1.58865597
5.02968643
2.61557667
1.68247235
4.26791431
3.35567229
2.30919324
0.90943973
4.85848789
4.26575776
2.89527590
5.21864058
0.15113972
1.24711216
4.40128564
1.92255216
2.47894093
0.00000003
0.00000011
0.00000003
0.00000013
1.34385241
4.89783218
0.00000015
0.00000001
0.00000016
0.00000014
0.00000012
0.00000014
0.00000011
0.00000000
0.00000000
0.00000000
0.00000015
0.00000000
0.00000000
0.00000014
5.24687051
2.10624319
5.21864058
0.15113972
0.01636300
0.77321663
2.13179805
3.39865855
3.35567229
2.30919324
0.17327594
0.19646352
0.52415159
3.04115404
0.01020279
0.00613042
3.24432586
1.09387159
0.00994618
0.01011163
1.92255216
2.47894093
4.31712019
5.05533954
4.13597733
1.39388709
0.17327594
0.19646352
0.00994618
0.01011163
1.68247235
4.26791431
0.52415159
3.04115404
3.35567229
2.30919324
4.06228648
1.58865597
3.07080320
0.43861323
0.52415159
3.04115404
1.46977664
0.65732082
4.26575776
2.89527590
2.13179805
3.39865855
0.01636300
0.77321663
0.17327594
0.19646352
1.92255216
2.47894093
4.06228648
1.58865597
5.24687051
2.10624319
0.00994618
0.01011163
0.17327594
0.19646352
3.24432586
1.09387159
5.02968643
2.61557667
3.07080320
0.43861323
5.19044416
3.90953816
0.90943973
4.85848789
4.06228648
1.58865597
1.68247235
4.26791431
2.13179805
3.39865855
1.46977664
0.65732082
2.92989086
3.09084778
4.31712019
5.05533954
0.00010304
0.00087853
0.00000476
0.00000635
1.92255216
2.47894093
4.13597733
1.39388709
0.00994618
0.01011163
0.00000016
0.00000012
0.00000015
0.00000014
0.00000120
0.00000264
4.31712019
5.05533954
1.92255216
2.47894093
4.13597733
1.39388709
0.17327594
0.19646352
0.00994618
0.01011163
1.68247235
4.26791431
4.06228648
1.58865597
0.52415159
3.04115404
3.35567229
2.30919324
3.07080320
0.43861323
1.68247235
4.26791431
0.17327594
0.19646352
3.24432586
1.09387159
0.90943973
4.85848789
4.06228648
1.58865597
0.00994618
0.01011163
4.26575776
2.89527590
0.52415159
3.04115404
0.01020279
0.00613042
3.07080320
0.43861323
0.63662446
0.00000513
0.00000440
0.00302124
0.00072068
0.00004417
0.00008359
0.00000067
0.00000086
0.00000074
0.00000073
0.00000063
0.00015403
0.00897984
0.00000047
0.00000055
0.00000056
0.00000046
0.00000054
0.00000062
0.00000060
0.00000003
0.00000003
0.00000003
0.00000003
0.00000003
0.00000003
0.00000003
0.00000003
0.00000003
0.00000003
0.00000003
0.00000003
0.00000003
0.00000003
0.00000003
0.00000003
0.00000003
0.00000003
0.00000003
0.00000003
5.21864058
0.15113972
0.01636300
0.77321663
0.17327594
0.19646352
0.52415159
3.04115404
2.13179805
3.39865855
3.07080320
0.43861323
0.00994618
0.01011163
5.24687051
2.10624319
4.06228648
1.58865597
1.92255216
2.47894093
3.64413578
0.00559438
0.00590488
0.00000016
0.00992602
0.00000227
0.00000510
0.00000085
0.00000015
0.00000627
0.00000298
0.00000014
0.00000015
0.00000006
0.00000006
0.00092763
0.00080881
0.00000005
0.00000005
0.00000004
0.00000017
0.17327594
0.19646352
0.00994618
0.01011163
1.68247235
4.26791431
0.52415159
3.04115404
4.06228648
1.58865597
3.07080320
0.43861323
4.26575776
2.89527590
1.24711216
4.40128564
0.01020279
0.00613042
2.13179805
3.39865855
4.06228648
1.58865597
1.68247235
4.26791431
0.00994618
0.01011163
0.52415159
3.04115404
0.90943973
4.85848789
0.17327594
0.19646352
5.02968643
2.61557667
4.26575776
2.89527590
4.31712019
5.05533954
3.07080320
0.43861323
3.56602725
0.00000017
0.00000016
0.00000004
0.00000004
0.00000015
0.00000227
0.00000510
0.00000014
0.00000015
0.00000006
0.00000006
0.00000298
0.00000627
4.58528074
3.43071804
0.00000005
0.00000005
0.00000019
0.00000006
0.00590488
4.13597733
1.39388709
0.00994618
0.01011163
1.68247235
4.26791431
4.31712019
5.05533954
1.92255216
2.47894093
0.17327594
0.19646352
3.35567229
2.30919324
1.24711216
4.40128564
0.52415159
3.04115404
4.06228648
1.58865597
5.19044416
3.90953816
0.52415159
3.04115404
4.06228648
1.58865597
3.24432586
1.09387159
5.21864058
0.15113972
0.90943973
4.85848789
2.13179805
3.39865855
3.35567229
2.30919324
0.17327594
0.19646352
5.02968643
2.61557667
3.24432586
1.09387159
2.13179805
3.39865855
1.68247235
4.26791431
4.06228648
1.58865597
5.24687051
2.10624319
5.02968643
2.61557667
0.52423453
3.90752405
1.24711216
4.40128564
0.01636300
0.77321663
0.52415159
3.04115404
2.13179805
3.39865855
5.24687051
2.10624319
1.46977664
0.65732082
0.17327594
0.19646352
3.24432586
1.09387159
0.52415159
3.04115404
0.01020279
0.00613042
1.68247235
4.26791431
3.35567229
2.30919324
0.90943973
4.85848789
0.17327594
0.19646352
0.90943973
4.85848789
5.21864058
0.15113972
5.19044416
3.90953816
0.52415159
3.04115404
3.35567229
2.30919324
3.24432586
1.09387159
3.07080320
0.43861323
0.52423453
3.90752405
0.01636300
0.77321663
3.35286519
0.32039017
0.00093163
0.00072863
0.00000001
0.00590488
0.00559438
2.91504561
3.65975080
0.00000000
0.00000034
0.00000032
0.00000003
0.00000228
0.00000539
0.00000298
3.36085972
1.33652599
0.00038390
0.00012407
1.99979838
3.18707950
2.91504561
3.65975080
0.00000000
0.00000000
0.00000014
0.00000015
0.00000227
0.00000510
0.00000006
0.00000006
3.36085972
1.33652599
0.00000068
0.00000085
0.00000015
0.00000016
0.00000298
0.00000627
2.91504561
3.65975080
1.99979838
3.18707950
0.00093163
3.36085972
1.33652599
0.00072863
3.35286519
0.32039017
0.00590488
0.00559438
0.00000228
0.00000539
0.00000034
0.00000032
0.00038390
5.10458245
0.63662447
0.00000089
1.99979838
3.18707950
2.91504561
3.65975080
0.00000038
0.00000036
0.00590488
0.00559438
0.00000297
0.00000407
0.00167763
0.00556783
0.00000000
0.00000000
3.36085972
1.33652599
0.00000014
0.00000015
0.00000227
0.00000510
3.18707950
1.99979838
3.65975080
2.91504561
0.00003084
0.00006753
0.00000052
0.00000064
0.00002359
0.00005304
0.00000005
1.92115131
0.00000005
0.00000101
0.00000713
0.00000005
3.36085972
1.33652599
0.00000019
0.00000073
0.00052635
0.00097754
0.27105629
1.60795946
4.58528074
3.43071804
1.92598482
0.85941294
5.00617555
2.73116160
0.02889704
0.98774705
0.00008675
0.00002090
1.55480063
4.67067595
0.00000227
0.00000510
0.00000014
0.00000015
0.00000000
0.00000001
0.00000001
1.73423210
3.29139629
1.34385241
4.89783218
0.00000000
0.00000000
0.00000227
0.00000510
0.00000014
0.00000015
0.00000627
0.00000298
0.00000016
0.00000006
0.00000006
0.00000004
0.00000015
3.36085972
1.33652599
0.00093163
3.35286519
0.00072863
0.32039017
0.00000228
0.00000539
2.91504561
3.65975080
1.34385241
4.89783218
0.00038390
0.00000034
0.00000032
0.63662447
0.00590488
0.00559438
0.00012407
0.15050734
0.00000000
0.00000000
0.00000002
0.00000001
0.00000002
0.00000002
2.91504561
3.65975080
0.00000001
0.00000001
0.00000001
0.00000001
0.00000001
1.99979838
3.18707950
0.00000016
0.00000015
0.00000017
0.00000004
0.00000227
0.12210629
0.00000014
0.00000011
0.00000001
0.00000001
0.00993663
0.00951708
0.00895882
0.00000015
0.00000016
0.00000001
0.00000016
0.00000004
0.00000017
0.00000001
0.00000004
0.00000003
0.00000001
0.00000001
0.00000001
0.00000001
3.36085972
1.33652599
0.00093163
0.00072863
3.35286519
0.00590488
0.00559438
0.32039017
2.91504561
3.65975080
0.00000228
0.00000539
5.10458245
0.00000034
0.00000032
0.00038390
0.00000089
0.63662447
0.00000060
0.00000058
0.00052635
0.00097754
0.27105629
1.60795946
1.33652599
3.36085972
4.58528074
3.43071804
0.00000015
0.00000085
0.00000068
0.00000014
0.00000227
0.00000510
5.00617555
2.73116160
0.00000006
0.00000006
0.02889704
0.98774705
0.00098887
0.00093173
0.02889704
0.98774705
1.92598482
0.85941294
0.00008675
0.00002090
0.00000079
0.00000072
3.09564980
2.00325563
5.00617555
2.23966169
1.59093563
1.17416809
2.73116160
1.79143143
3.99618584
3.37421251
0.00000007
0.00000007
0.00000026
1.24885708
0.96346237
0.00000083
0.00000071
0.00000653
0.00000398
0.00000799
0.00000701
0.00000038
3.56602727
0.00000004
0.00000004
0.00000015
0.00000016
0.00000006
0.00000006
0.00000227
0.00000026
0.00000007
0.00000007
0.00000083
1.24885708
0.96346237
0.00000071
0.00000653
0.00000398
0.00000799
0.00000701
0.00000004
0.00000004
0.00000038
3.56602727
0.00000006
0.00000006
0.00000014
0.00000015
0.00000227
1.92598482
0.85941294
0.00008675
0.00002090
0.02889704
0.98774705
3.09564980
2.00325563
4.58528074
3.43071804
5.00617555
2.73116160
3.56637187
3.15646005
0.00087309
3.76658738
2.23966169
1.59093563
1.17416809
1.79143143
0.00000004
0.00000004
0.00000004
0.00000004
0.00000421
0.00000845
0.00000083
0.00000005
0.00000005
0.00000005
0.00000005
0.00000005
0.00000005
0.00000007
0.00000005
0.00000073
0.00000091
0.00000021
0.00000022
0.00000005
1.92598482
0.85941294
0.00008675
0.00002090
0.02889704
0.98774705
3.09564980
2.00325563
4.58528074
3.43071804
5.00617555
2.73116160
0.00087309
3.76658738
1.17416809
3.37421251
2.23966169
1.59093563
1.79143143
3.99618584
0.00000007
0.00000007
0.00000071
0.00000026
0.96346237
1.24885708
0.00000083
0.00000653
0.00000398
0.00066752
0.00000799
0.00000701
0.00000038
3.56602727
0.00000004
0.00487136
0.00007341
0.36060306
0.00878759
0.00000004
0.00000026
0.00000083
0.00000007
0.00000007
0.00000071
0.96346237
1.24885708
0.00000653
0.00000398
0.00000799
0.00000701
0.00878759
0.00000004
0.00000004
0.00487136
0.00092249
0.00007341
0.00000266
0.00066752
0.00000327
0.00000002
0.00000001
0.00000038
3.56602727
0.00000006
0.00000012
0.00000003
0.00000005
0.00000016
1.99979838
3.18707950
0.00000018
0.00000019
0.00000050
4.04887937
1.43737593
0.82971068
0.00000038
2.46176183
0.00000034
4.53436237
5.10129318
0.00009435
0.00007602
4.04887937
1.43737593
3.53376777
0.00000038
3.56602727
0.82971068
2.46176183
0.00028210
0.56967447
0.02889704
0.98774705
0.00000079
0.00000072
0.00063556
0.00000068
0.00000079
0.15050734
0.27205915
0.00619940
0.00000086
0.00000073
0.00000101
0.00000713
0.00000052
0.00000064
0.00006753
0.00002359
0.00005304
0.00003084
0.00000026
0.00000026
0.00000014
0.00000005
0.00089629
0.00000014
0.00000014
2.18054256
0.00006001
0.00005350
0.00000508
0.00000185
0.00000037
0.00000074
0.00000080
0.00000043
0.00000051
0.00000047
0.00000061
0.00000664
0.00000414
0.00000312
0.00000398
0.00000878
0.00000465
0.00000700
0.00000728
0.00000098
0.00000055
0.00000050
0.00006001
0.00005350
0.00000052
0.00000005
0.00554692
2.57117849
0.00000037
0.00000047
0.00000061
0.00000043
0.00000051
0.00000508
0.00000185
0.00000074
0.00000080
0.00000064
0.00000312
0.00000398
1.68407442
1.20600716
0.00000660
0.00000078
0.00000054
0.00000048
0.00000051
0.00000061
0.00000050
0.00000074
0.00000080
0.00000822
0.00000064
0.00000082
0.00000066
0.00000089
0.00000075
0.00000068
0.00000016
0.00000015
2.25600102
0.00000858
0.00006239
0.00000689
0.00000320
0.00000596
0.00000011
0.00000806
0.00000296
0.00000822
0.00000064
0.00000082
0.00000066
0.00000089
0.00000075
0.00000068
0.00000078
0.00000847
0.00000085
0.00000073
0.00000079
0.00066625
0.00077308
3.11001666
4.45830821
0.00625727
0.00691182
0.00000332
0.00000143
0.00003863
0.00002747
0.00075978
0.00050276
0.00000087
0.00000065
2.92989086
3.09084778
0.00994618
0.01011163
1.92255216
2.47894093
3.60585832
4.08658119
0.00000060
0.00000058
0.00026019
0.00090095
3.36085972
1.33652599
0.00000016
0.00000015
0.00000019
0.00000006
0.00000005
0.00000005
0.00000068
0.00000085
0.00000014
0.00000015
0.00000058
0.00069602
1.60262687
0.00052447
0.00000024
0.00000014
0.00554692
0.00000001
0.00000000
0.00000000
0.00000000
0.00000000
0.00000000
0.00000001
0.00000001
0.00000000
2.57117849
0.00000050
0.00000000
0.00066359
0.00000000
0.00000000
0.00000000
0.00000000
0.00000083
0.00000068
0.00000063
0.00000054
0.00000653
0.00000795
0.00000051
0.00000047
2.57117849
0.00000006
0.00000006
0.00000017
0.00000016
0.00000005
0.00000006
0.00069602
0.00000058
0.00000813
0.00000005
0.00000288
4.97362334
0.10443750
0.00000013
0.00000003
0.00000003
0.00992602
1.47835025
0.63262497
0.00000001
0.42237034
0.72592978
0.00559438
0.00590488
0.00167763
0.00556783
0.00000004
0.00000004
0.00069602
0.00000058
0.00465788
0.42237034
0.72592978
4.97362334
0.10443750
0.00000003
0.00000003
0.00000055
0.00000046
0.00003882
0.00007589
0.00055208
0.00043866
0.00465788
0.00815699
0.00000350
0.00000171
0.00051926
0.00084819
2.51762681
1.40339004
0.00000076
0.00000085
0.00000089
0.00000089
0.00000084
0.00000074
0.00091085
0.00056351
0.00004611
0.00001479
4.93354662
3.64844645
0.00000782
0.00000251
0.00000072
0.00000067
0.00478934
0.00000053
0.00000032
0.00000025
0.00000015
0.00371940
0.00052635
0.00097754
0.02889704
0.00063556
0.00031512
0.00085754
0.00037535
0.00081956
0.00099491
0.00063480
0.00050771
3.26547182
4.20992495
0.62239693
1.06356573
0.46210196
4.54229907
4.13483866
0.00000004
0.00000004
0.00000003
0.00000858
0.00006239
0.00000689
0.00081956
1.06356573
0.00031512
0.00085754
0.00037535
0.00099491
0.00063480
4.20992495
3.26547182
0.00050771
0.62239693
0.46210196
4.54229907
4.13483866
0.00000005
0.00000005
0.36060306
4.97688777
0.00000653
0.00000398
0.00085754
4.20992495
0.00031512
0.00037535
0.00081956
0.00099491
0.00063480
3.26547182
0.00050771
0.62239693
1.06356573
0.46210196
4.54229907
4.13483866
0.00031512
0.00085754
3.26547182
0.00037535
0.00081956
0.00099491
4.20992495
0.00063480
0.62239693
1.06356573
0.46210196
4.54229907
0.00050771
4.13483866
0.00478934
0.00993663
0.00951708
0.00895882
0.00000046
0.00000050
0.00037535
0.62239693
0.00099491
0.00063480
0.00050771
0.00031512
0.46210196
4.54229907
0.00085754
0.00081956
3.26547182
4.20992495
1.06356573
0.00000000
0.00072863
0.00093163
4.13483866
0.00000001
0.32039017
0.00000728
0.00085754
4.20992495
0.00063480
3.26547182
0.62239693
4.54229907
1.06356573
0.46210196
0.00031512
0.00037535
0.00081956
0.00099491
4.13483866
0.00050771
0.00083691
0.00030473
0.85941294
1.92598482
0.00008675
0.00002090
0.00099491
0.46210196
3.26547182
4.20992495
0.62239693
0.00050771
1.06356573
0.00031512
0.00085754
4.54229907
0.00037535
0.00081956
0.00063480
4.13483866
0.00000018
0.00000299
0.00000560
0.00000032
0.00000034
0.00000029
0.00027583
0.00047013
3.40281785
4.78609303
0.00008268
0.00002501
0.00000003
0.00000003
0.00000052
0.00000041
0.00000064
0.00000042
0.00004417
0.00008359
1.43737593
4.04887937
0.00000018
0.00000036
0.00000038
0.00000002
0.00006053
0.00006995
0.00000032
0.00000034
4.78609303
0.82971068
2.46176183
1.99979838
3.18707950
0.00000090
0.00000005
0.00000070
0.00000005
0.00000085
0.00000005
0.00000074
0.00000003
0.00000003
1.58169498
2.78366486
3.16225451
0.00000000
0.00000000
0.00000000
0.00000000
0.00000000
0.00000000
0.00000000
0.00000001
0.00000001
0.00000003
0.00000001
0.00000000
0.00000003
0.00000001
0.00000003
0.00000001
0.00000001
4.02637851
0.02889704
0.00047013
0.00000000
0.00000000
4.78609303
0.00000001
0.00000001
0.00006053
0.00006995
5.13793414
0.00000004
0.00478934
0.00000032
0.00000034
3.62175790
0.00000299
0.00000560
0.00000014
1.99979838
3.18707950
0.00000090
0.00047013
4.78609303
0.00000000
0.00000000
5.13793414
0.00006053
0.00006995
0.02783071
0.00000299
0.00000560
0.00000032
0.00000034
0.00000001
0.00000090
0.00000005
0.00000070
0.00000005
0.00000085
0.00000005
0.00000074
2.93536614
0.00184230
0.00802786
0.52859397
1.43737593
4.04887937
0.02889704
0.00000079
0.00000072
0.00063556
3.16225451
0.98774705
4.02637851
1.20603203
2.81502867
0.00000051
0.00000023
0.00000005
0.00000064
0.00000006
0.26672898
3.40281785
0.00027583
0.00008675
0.00002090
2.92672213
3.64413582
0.00000047
0.00000050
0.00025600
0.00000513
0.00000440
1.32906553
0.00302124
0.00072068
0.00897984
0.00004417
0.00000067
0.00000086
0.00000074
0.00000073
0.00079233
0.00074836
0.00006053
0.00006995
0.00000032
0.00000034
0.00000004
3.85765599
3.62126925
0.00619940
0.00000000
0.00000090
0.00000070
0.00478934
4.78609303
0.00047013
0.00000000
3.62175790
0.00000299
0.00000560
2.09036614
4.08658119
3.60585832
0.00026019
0.00090095
0.00000516
0.00000228
4.42573143
2.92422775
1.20603203
0.00000005
4.13483866
0.00000002
0.00000006
0.00000089
0.00000003
0.00000077
0.00000002
0.00000006
1.24427722
0.00000014
2.81502867
0.00000001
0.00260902
0.00000000
0.00000001
4.22937605
0.00000001
0.00000001
0.00000773
0.00000301
2.45587385
0.00000034
2.96100790
0.00041585
0.52859397
2.66708249
4.33793480
0.00000007
1.43737593
4.04887937
0.00000016
0.32039017
3.35286519
0.00032944
4.23855948
0.82971068
2.46176183
0.00000228
0.00000539
4.79565976
0.00000012
1.44989166
1.43737593
4.04887937
2.96100790
0.00041585
0.02889704
0.00000079
0.00000072
0.00063556
1.43737593
4.04887937
0.02889704
0.00000079
0.00000072
0.00063556
3.16225451
0.98774705
4.02637851
1.20603203
0.00000051
0.00000023
0.00000005
0.00000064
0.00000006
0.00009435
0.00000047
0.00000026
0.00000004
1.98961459
2.49802305
1.43737593
4.04887937
4.79565976
0.02889704
0.00000079
0.00000072
0.00063556
3.16225451
0.98774705
4.02637851
1.20603203
0.00000051
0.00000023
0.00000005
0.00000064
0.00000006
0.00009435
0.00000047
0.00000026
2.49802304
0.00000015
0.00000016
0.00000227
0.00000510
0.00000006
0.00000006
0.00000627
0.00000298
4.82320589
1.92115131
0.00000014
0.00000015
0.00000017
0.00000004
0.00000085
0.00000068
0.00406895
0.00371940
0.00000004
0.00000003
4.79565976
2.81502867
2.49802305
1.43737593
4.04887937
0.00000005
2.91504561
0.00000004
3.65975080
0.02889704
0.00000079
0.00000072
0.00063556
3.16225451
0.98774705
4.02637851
1.20603203
0.52859397
1.34890726
0.00000051
0.00000130
0.00000084
0.00000089
0.00000019
0.00000015
0.00000004
0.00088434
0.00002501
0.00008268
0.00041585
2.96100790
0.00000013
1.24427722
0.00067151
0.00019423
1.34385241
0.00000006
0.00000006
4.42573143
2.92422775
0.00000000
0.00000000
0.00000000
0.00000000
0.00000000
0.00000001
0.00000001
0.00000000
0.00000000
0.00000001
0.00000001
0.00000000
0.00000000
0.00000000
0.00000000
0.00000000
0.00000000
0.00000000
0.00000000
0.00000001
5.00947077
0.00158872
0.00542891
3.90752405
0.52423453
0.00000210
0.00000174
0.00000476
0.00000635
0.00000015
0.00000264
0.00000037
0.00000006
0.00000120
0.00000016
0.00000027
0.00000332
0.00000143
0.00000004
0.43861323
1.43737593
4.04887937
0.00554692
0.00997409
0.00092763
0.00080881
0.00000786
1.88871248
0.00063556
3.55353530
0.00096214
0.00027956
0.00052168
0.00021797
0.00069602
0.00000045
0.00018535
0.00061593
0.00013861
0.00087840
1.34890725
0.00088434
0.00097365
3.53376777
0.00752004
0.00002254
0.00000002
0.00000015
0.00000003
2.57117849
0.00000033
0.00009435
0.00007602
0.00000041
0.00000048
0.00260902
0.00028210
0.00000068
0.00000079
0.00000014
0.00000013
0.00006482
1.55849695
0.00000653
0.00000795
0.00081059
0.00051246
0.00000689
0.00000001
0.00000005
4.86535619
2.87305613
0.00000001
0.00000001
0.96346237
1.24885708
0.00000001
0.00000001
0.00066359
0.00007341
0.00000000
0.77453606
1.43737593
4.04887937
0.00000079
0.02889704
0.00063556
1.20603203
3.16225451
0.98774705
4.02637851
0.00000004
0.00000006
0.00000006
0.00000014
0.00000003
0.00000003
0.00000004
0.00000072
0.00000004
0.00000004
0.00000003
0.00000003
0.00061162
5.04058942
0.00000003
0.00000006
2.18054256
0.00000003
0.00000002
0.00000003
0.00000003
0.00000003
0.00000004
0.00000052
0.00000002
0.00000004
0.00000003
0.00000002
0.00000003
0.00000002
2.92672212
0.00000000
0.00072863
0.00093163
0.00000001
0.32039017
0.00000728
3.35286519
0.00000003
0.00000298
3.65975080
2.91504561
0.00000032
0.00000034
0.00038390
0.00559438
0.00590488
0.00000539
1.33652599
0.00000006
3.36085972
2.66708234
0.00000038
0.52859397
1.24427722
2.81502867
4.42573143
2.92422775
4.89783218
1.34385241
0.00000001
0.00000001
0.00000001
0.00000001
0.00000001
0.00000001
0.00000001
0.00000001
0.00000001
0.00000001
0.00000001
0.00000001
2.92672213
0.00000001
0.00000014
0.00000015
2.66708249
0.00000029
0.00000015
0.00000839
4.22937605
0.00000004
0.00000006
0.00000012
0.00000068
0.00000004
0.00000006
0.00000004
0.00003105
0.00000004
0.00000002
0.00000073
0.00000000
0.52859397
0.00072863
0.00093163
0.00006001
0.00005350
0.00000004
0.00000049
0.00000057
0.00000773
0.00260902
0.00000038
0.00000301
0.00000023
0.00000004
0.00000004
0.00000475
2.92672213
0.00000005
0.00000013
3.29150250
1.96495381
0.00000003
0.00000004
0.00000003
0.00000003
0.00000005
0.00000056
0.00000054
0.00000006
0.00000221
0.00000003
0.00000003
0.00000004
0.00000004
0.00000004
0.00000001
0.00000003
0.00000002
0.00000002
0.56967446
0.00000003
0.00000002
0.00000003
0.00000004
0.00000002
0.00000002
0.00000002
0.00000004
0.00049894
0.00000664
0.00000414
0.00000007
0.00000071
0.00000006
0.00000008
0.00000004
0.00000006
0.00000007
0.00008354
0.00143987
2.64407282
0.00007341
4.05105268
1.61402056
0.00000227
0.00002376
0.00000510
0.00000627
0.00000298
0.00000089
0.00000032
0.00000034
0.00184230
0.00802786
0.00000068
0.00000056
0.00167763
0.00556783
0.00000802
0.00989360
0.00010693
0.00095191
3.36010106
0.00002882
4.13744981
2.80824199
2.46176183
0.82971068
0.00414708
0.00093814
0.00000832
0.70108420
3.47120748
0.00000036
0.00000038
0.00000073
0.00000091
0.00481356
0.00058794
0.00196567
0.00020757
4.05105268
1.61402056
0.00000227
0.00002376
0.00000510
0.00000627
0.00000298
0.00184230
0.00802786
0.00000089
0.00000032
0.00000034
1.47835025
0.63262497
0.00167763
0.00556783
3.43071804
4.58528074
0.00989360
0.09508575
1.20603203
4.02637851
0.00002882
3.36010106
4.13744981
2.80824199
0.00000832
2.46176183
0.82971068
0.00414708
0.00093814
0.00000073
0.00000091
0.00058794
0.00196567
0.00020757
0.00000079
0.00000045
0.70108420
3.47120748
0.00000005
0.00000005
1.47835025
0.63262497
0.00000005
0.00000545
0.00000835
0.00167763
0.00556783
0.00000007
0.00050771
0.00000024
0.12210631
0.00000060
0.00000079
0.00000847
0.00002151
4.13483866
0.00632909
3.76658738
0.00453137
0.00942518
0.00000002
0.00000003
3.37421251
1.17416809
0.00989360
0.00414708
0.00000029
0.00000006
0.00000012
0.00000022
0.00000041
0.00000062
0.00000069
0.00000772
0.00002418
0.00093814
0.00188176
4.72695039
0.00819808
0.00653021
1.24885708
0.96346237
0.00371940
0.00406895
0.00006482
0.00000316
1.55849695
2.52606893
0.00008675
0.00000026
0.00002090
0.00000003
0.00000004
0.00000011
0.00000004
1.92115131
0.00000653
0.00000795
0.00371940
0.00406895
1.24885708
0.96346237
0.00000316
1.92115131
1.55849695
0.00000026
4.82320589
0.00008675
0.00000003
2.52606893
0.00000011
0.00002090
0.00000004
0.00000004
0.00000653
0.00819808
0.00653021
0.00000795
0.00025600
1.32906553
0.00897984
0.00005022
0.00015403
0.00003617
0.00000735
0.00004206
0.00008359
0.00004417
0.00000740
0.00000052
0.00093814
0.00000067
0.00000086
0.00000074
0.00000073
0.00009921
0.00000063
0.00000051
0.00033925
2.78139020
0.00408851
2.52606893
4.05105268
1.61402056
0.00000297
0.00000407
0.00000611
0.00000632
0.00000004
0.27205915
0.15050734
0.00000017
0.00000005
0.00000016
0.00000006
0.00000062
0.00000069
4.79565976
0.00097365
0.00009156
2.57117849
0.00992602
0.00028831
0.00056970
0.00000015
0.00993663
0.00895882
0.00951708
0.00000015
0.00752004
0.00000014
0.00000005
0.00000005
0.00000005
0.00000005
0.00000005
0.00000005
0.00000005
0.00000004
0.00487136
0.00092249
0.00000266
0.00878759
0.00000005
0.00000005
0.00000005
0.00000007
4.50762845
0.00000015
0.00992602
0.00028831
0.00056970
0.00000015
0.00993663
0.00895882
0.00951708
0.00000015
0.00752004
0.00000005
0.00000008
0.00000005
0.00000004
0.00000005
0.00000004
0.00000006
0.00000007
0.00000012
0.00000005
0.00000004
0.00000006
0.00000004
0.00000005
0.00000005
0.00000007
0.00000006
0.00000006
0.00000004
0.00000005
0.00000005
0.00000005
0.00000006
0.00000008
0.00000005
0.00000007
0.00000005
0.00000005
0.00000005
0.00000008
0.00000003
0.00000003
0.00000005
0.00000005
0.00000004
0.00000006
0.00000007
0.00000005
0.00000007
0.00000006
0.00000006
0.00000009
0.00000007
0.00000008
0.00000005
0.00000006
0.00559438
0.00590488
0.00000005
0.00000004
0.00000004
0.00000015
0.00009206
0.00000004
0.00097365
0.00000056
0.00453137
0.00000059
0.00942518
0.00000009
0.00000005
0.00000003
0.00000003
0.00000005
0.00000005
0.00000004
0.00000005
0.00000005
0.00000007
0.00000005
0.00000007
0.00000003
0.00000008
0.00000003
0.00000005
0.00000005
0.00000005
0.00000005
0.00000003
0.00000006
0.00002254
0.00000005
0.00000080
0.00000006
0.00000007
0.00000007
0.00000007
0.00000004
0.00000831
0.00000005
0.00000005
0.00000006
0.00992602
0.00028831
0.00056970
0.00000015
0.00993663
0.00895882
0.00951708
0.00000015
0.00000041
0.00000073
0.00000091
0.00000024
0.00000006
0.00000012
0.00000044
0.00000006
0.00000008
0.00000012
0.00256546
0.00418221
0.00000031
0.00000006
0.00000011
3.56637187
3.15646004
0.00000003
0.00000003
0.00000004
2.57117849
0.00992602
0.00028831
0.00056970
0.00000015
0.00993663
0.00895882
0.00951708
0.00000015
0.00752004
0.00000014
0.00000005
0.00000005
0.00000005
0.00000005
0.00000005
0.00000005
0.00000005
0.00000005
0.00000005
